 mass (in msun)=  1.000
 x= 0.740 y= 0.240
 l=     0.
 guessed period=  4.000000E+01 sec
 ntry=  1 eig=  2.4674011E-02 deig=  9.42522E-05
 ntry=  2 eig=  2.4768263E-02 deig= -1.61572E-05
 ntry=  3 eig=  2.4752106E-02 deig=  7.35345E-07
 ntry=  4 eig=  2.4752841E-02 deig= -8.10166E-09
 final values: period=   3.993626E+01 eig=  2.475283328E-02
 76 radial nodes in y1
                   2(n, r/r* ,  y1  ,  y2)
   2  0.027549  2.3003E-02 -1.1493E-01   3  0.035025  6.6907E-03  1.4647E-01
   4  0.040407 -6.6037E-03  1.3696E-01   5  0.044804 -9.3169E-03  2.6728E-02
   6  0.048615 -6.1416E-03 -7.1980E-02   7  0.052033 -1.3238E-03 -1.1767E-01
   8  0.055169  2.6758E-03 -1.0960E-01   9  0.058092  4.8584E-03 -6.5199E-02
  10  0.060850  5.1623E-03 -6.4824E-03  11  0.063476  4.0306E-03  4.7457E-02
  12  0.065994  2.0969E-03  8.3768E-02  13  0.068425 -1.7291E-05  9.6610E-02
  14  0.070782 -1.8185E-03  8.6387E-02  15  0.073078 -2.9935E-03  5.8159E-02
  16  0.075322 -3.4161E-03  1.9705E-02  17  0.077523 -3.1224E-03 -2.0345E-02
  18  0.079686 -2.2696E-03 -5.4163E-02  19  0.081818 -1.0864E-03 -7.5918E-02
  20  0.083924  1.7653E-04 -8.2479E-02  21  0.086008  1.2892E-03 -7.3631E-02
  22  0.088073  2.0750E-03 -5.1837E-02  23  0.090124  2.4318E-03 -2.1596E-02
  24  0.092162  2.3384E-03  1.1420E-02  25  0.094192  1.8490E-03  4.1347E-02
  26  0.096214  1.0780E-03  6.3092E-02  27  0.098232  1.7666E-04  7.3126E-02
  28  0.100248 -6.9305E-04  7.0013E-02  29  0.102262 -1.3856E-03  5.4592E-02
  30  0.104278 -1.7931E-03  2.9803E-02  31  0.106296 -1.8615E-03  1.7822E-04
  32  0.108318 -1.5970E-03 -2.8927E-02  33  0.110346 -1.0626E-03 -5.2270E-02
  34  0.112381 -3.6576E-04 -6.5624E-02  35  0.114424  3.6077E-04 -6.6542E-02
  36  0.116477  9.8275E-04 -5.4864E-02  37  0.118540  1.3889E-03 -3.2779E-02
  38  0.120615  1.5098E-03 -4.5125E-03  39  0.122703  1.3313E-03  2.4397E-02
  40  0.124805  8.9704E-04  4.8171E-02  41  0.126921  3.0084E-04  6.1870E-02
  42  0.129054 -3.3199E-04  6.2500E-02  43  0.131205 -8.6880E-04  4.9713E-02
  44  0.133373 -1.1971E-03  2.6065E-02  45  0.135560 -1.2492E-03 -3.3961E-03
  46  0.137768 -1.0180E-03 -3.2056E-02  47  0.139996 -5.6034E-04 -5.3189E-02
  48  0.142247  1.3756E-05 -6.1520E-02  49  0.144520  5.6472E-04 -5.4640E-02
  50  0.146818  9.5641E-04 -3.3842E-02  51  0.149141  1.0903E-03 -4.1019E-03
  52  0.151489  9.3255E-04  2.6904E-02  53  0.153865  5.2675E-04  5.0674E-02
  54  0.156269 -1.4334E-05  6.0202E-02  55  0.158702 -5.3588E-04  5.2147E-02
  56  0.161165 -8.8407E-04  2.8232E-02  57  0.163659 -9.5224E-04 -4.7486E-03
  58  0.166185 -7.1757E-04 -3.6591E-02  59  0.168745 -2.5434E-04 -5.6648E-02
  60  0.171339  2.8375E-04 -5.7477E-02  61  0.173981  7.1132E-04 -3.7768E-02
  62  0.176649  8.7091E-04 -3.8486E-03  63  0.179354  7.0103E-04  3.2109E-02
  64  0.182099  2.6259E-04  5.6005E-02  65  0.184885 -2.7304E-04  5.7369E-02
  66  0.187712 -6.8476E-04  3.4331E-02  67  0.190583 -7.9248E-04 -4.3797E-03
  68  0.193499 -5.4163E-04 -4.1931E-02  69  0.196460 -4.1346E-05 -6.0338E-02
  70  0.199470  4.7148E-04 -4.9235E-02  71  0.202528  7.3843E-04 -1.2401E-02
  72  0.205638  6.1253E-04  3.2081E-02  73  0.208800  1.5175E-04  5.9816E-02
  74  0.212016 -3.9057E-04  5.3382E-02  75  0.215288 -6.9384E-04  1.4208E-02
  76  0.218617 -5.6185E-04 -3.5229E-02  77  0.222006 -6.5514E-05 -6.2857E-02
  78  0.225457  4.7129E-04 -4.7760E-02  79  0.228972  6.6928E-04  2.5371E-03
  80  0.232552  3.6862E-04  5.2710E-02  81  0.236200 -2.1699E-04  6.2846E-02
  82  0.239918 -6.2298E-04  2.1065E-02  83  0.243709 -4.9602E-04 -4.0734E-02
  84  0.247575  7.3820E-05 -6.7803E-02  85  0.251518  5.7294E-04 -3.1000E-02
  86  0.255541  5.0770E-04  3.8565E-02  87  0.259647 -8.1356E-05  7.0461E-02
  88  0.263839 -5.8178E-04  2.5661E-02  89  0.268119 -4.2006E-04 -5.1098E-02
  90  0.272491  2.4402E-04 -6.8899E-02  91  0.276958  6.0184E-04  1.1383E-03
  92  0.281522  1.6463E-04  7.3061E-02  93  0.286188 -5.0194E-04  4.4496E-02
  94  0.290959 -4.3570E-04 -5.2180E-02  95  0.295838  3.0081E-04 -7.1499E-02
  96  0.300830  5.5152E-04  2.6850E-02  97  0.305937 -1.3663E-04  8.3386E-02
  98  0.311165 -5.8046E-04 -1.0423E-02  99  0.316517  6.9566E-05 -8.8926E-02
 100  0.321997  5.8110E-04  9.4548E-03 101  0.327610 -1.1915E-04  9.2600E-02
 102  0.333360 -5.5593E-04 -2.8309E-02 103  0.339253  2.8751E-04 -8.8202E-02
 104  0.345292  4.3058E-04  6.7714E-02 105  0.351482 -5.1600E-04  5.4538E-02
 106  0.357830 -8.3324E-05 -1.0749E-01 107  0.364339  5.7087E-04  3.0232E-02
 108  0.371014 -4.3755E-04  8.2464E-02 109  0.377863 -9.9657E-05 -1.1870E-01
 110  0.384888  5.3396E-04  5.7669E-02 111  0.392097 -5.8600E-04  4.3329E-02
 112  0.399494  3.1498E-04 -1.1885E-01 113  0.407085  6.5582E-05  1.4026E-01
 114  0.414876 -3.8166E-04 -1.1571E-01 115  0.422873  5.6844E-04  6.8922E-02
 116  0.431080 -6.4477E-04 -2.1142E-02 117  0.439503  6.6119E-04 -1.5061E-02
 118  0.448147 -6.6374E-04  3.4074E-02 119  0.457019  6.7720E-04 -3.2501E-02
 120  0.466122 -6.9770E-04  5.6318E-03 121  0.475463  6.8506E-04  5.1605E-02
 122  0.485044 -5.5921E-04 -1.3650E-01 123  0.494872  2.2901E-04  2.1979E-01
 124  0.504949  2.9907E-04 -2.2908E-01 125  0.515279 -7.4725E-04  8.0311E-02
 126  0.525866  5.8411E-04  1.8689E-01 127  0.536711  3.1936E-04 -2.7712E-01
 128  0.547817 -8.2643E-04 -6.4674E-02 129  0.559184 -2.0545E-04  3.3341E-01
 130  0.570812  8.1495E-04  1.5155E-01 131  0.582701  7.0502E-04 -2.6415E-01
 132  0.594850 -9.3238E-05 -4.2220E-01 133  0.607254 -7.4286E-04 -3.0321E-01
 134  0.619910 -1.0185E-03 -1.0349E-01 135  0.632811 -1.0875E-03  3.8836E-02
 136  0.645951 -1.1310E-03  6.8996E-02 137  0.659320 -1.1837E-03 -4.9807E-02
 138  0.672906 -1.0710E-03 -3.4744E-01 139  0.686695 -4.3830E-04 -7.1699E-01
 140  0.700671  7.8254E-04 -6.9848E-01 141  0.714814  1.4113E-03  2.0213E-01
 142  0.729098 -1.8380E-04  1.0150E+00 143  0.743495 -1.5702E-03 -2.7082E-01
 144  0.757968  1.0258E-03 -1.0168E+00 145  0.772470  5.7015E-04  1.3185E+00
 146  0.786943 -1.6947E-03 -7.5068E-01 147  0.801303  2.0781E-03 -7.3007E-02
 148  0.815427 -2.0215E-03  8.3052E-01 149  0.829108  1.7347E-03 -1.5314E+00
 150  0.842154 -1.2162E-03  2.2355E+00 151  0.854548  4.3261E-04 -2.8645E+00
 152  0.866295  6.2572E-04  3.2361E+00 153  0.877399 -1.8880E-03 -3.0330E+00
 154  0.887867  3.0949E-03  1.8175E+00 155  0.897706 -3.6842E-03  7.6114E-01
 156  0.906926  2.8272E-03 -4.3656E+00 157  0.915541  3.2471E-05  7.0255E+00
 158  0.923563 -3.8784E-03 -4.9917E+00 159  0.931009  5.0607E-03 -3.7524E+00
 160  0.937896  1.2104E-06  1.1648E+01 161  0.944243 -6.6129E-03 -2.7052E+00
 162  0.950072  1.8573E-03 -1.6315E+01 163  0.955404  8.5265E-03  1.5684E+00
 164  0.960265  2.3874E-03  2.3769E+01 165  0.964680 -7.8307E-03  2.1765E+01
 166  0.968680 -1.2709E-02 -1.3200E+00 167  0.972294 -1.1043E-02 -2.9475E+01
 168  0.975556 -5.9541E-03 -5.2897E+01 169  0.978497 -8.3009E-04 -7.1227E+01
 170  0.981141  1.3972E-03 -9.0370E+01 171  0.983505 -2.7247E-03 -1.1485E+02
 172  0.985603 -1.6806E-02 -1.2579E+02 173  0.987450 -3.7014E-02 -5.7771E+01
 174  0.989075 -4.0470E-02  1.4040E+02 175  0.990506  1.4259E-03  3.2780E+02
 176  0.991776  6.7108E-02  1.4176E+02 177  0.992907  5.4887E-02 -4.7053E+02
 178  0.993921 -7.8567E-02 -5.2679E+02 179  0.994830 -1.0594E-01  7.4230E+02
 180  0.995648  1.3737E-01  8.8546E+02 181  0.996385  1.1953E-01 -1.7439E+03
 182  0.997050 -3.0652E-01 -3.8116E+02 183  0.997650  9.3851E-02  3.6484E+03
 184  0.998187  3.8767E-01 -4.1245E+03 185  0.998663 -7.3659E-01  6.2963E+01
 186  0.999007  9.3981E-01 -3.4890E+01 187  0.999259 -9.6450E-01  8.7701E+03
 188  0.999444 -2.6149E-01 -1.7334E+04 189  0.999581  1.5206E+00 -6.7600E+03
 190  0.999684  9.5680E-01  2.0840E+04 191  0.999761 -6.4171E-01  3.0251E+04
 192  0.999819 -1.7288E+00  1.9870E+04 193  0.999863 -2.0496E+00  8.7220E+02
 194  0.999896 -1.8704E+00 -1.8519E+04 195  0.999923 -1.4375E+00 -3.4657E+04
 196  0.999945 -9.0198E-01 -4.6558E+04 197  0.999962 -3.5394E-01 -5.4489E+04
 198  0.999977  1.5770E-01 -5.9194E+04 199  0.999990  6.1096E-01 -6.1498E+04
 200  1.000000  1.0000E+00 -6.2129E+04
 guessed period=  3.000000E+01 sec
 ntry=  1 eig=  4.3864908E-02 deig= -2.16452E-04
 ntry=  2 eig=  4.3648457E-02 deig=  1.22041E-04
 ntry=  3 eig=  4.3770498E-02 deig= -1.72658E-05
 ntry=  4 eig=  4.3753232E-02 deig=  9.24958E-07
 ntry=  5 eig=  4.3754157E-02 deig= -1.91655E-08
 final values: period=   3.003795E+01 eig=  4.375413772E-02
 78 radial nodes in y1
                   2(n, r/r* ,  y1  ,  y2)
   2  0.027549  3.1963E-02 -1.5970E-01   3  0.035025 -2.8288E-03  3.2051E-01
   4  0.040407 -1.5513E-02  2.6550E-02   5  0.044804 -4.8630E-03 -2.2550E-01
   6  0.048615  6.3567E-03 -2.0135E-01   7  0.052033  9.4688E-03 -2.1620E-02
   8  0.055169  5.7445E-03  1.4388E-01   9  0.058092 -3.3941E-04  2.0112E-01
  10  0.060850 -4.9895E-03  1.4452E-01  11  0.063476 -6.4552E-03  2.4033E-02
  12  0.065994 -4.8909E-03 -9.5530E-02  13  0.068425 -1.5935E-03 -1.6449E-01
  14  0.070782  1.8376E-03 -1.6265E-01  15  0.073078  4.1351E-03 -9.9358E-02
  16  0.075322  4.6892E-03 -4.1234E-03  17  0.077523  3.5820E-03  8.6787E-02
  18  0.079686  1.4120E-03  1.4307E-01  19  0.081818 -9.8786E-04  1.4891E-01
  20  0.083924 -2.8379E-03  1.0599E-01  21  0.086008 -3.6296E-03  3.1000E-02
  22  0.088073 -3.2331E-03 -5.0720E-02  23  0.090124 -1.8847E-03 -1.1352E-01
  24  0.092162 -7.5223E-05 -1.3892E-01  25  0.094192  1.6164E-03 -1.2062E-01
  26  0.096214  2.6960E-03 -6.5748E-02  27  0.098232  2.8877E-03  7.8276E-03
  28  0.100248  2.1966E-03  7.7080E-02  29  0.102262  8.8713E-04  1.2087E-01
  30  0.104278 -6.0864E-04  1.2616E-01  31  0.106296 -1.8263E-03  9.1879E-02
  32  0.108318 -2.4078E-03  2.9283E-02  33  0.110346 -2.2054E-03 -4.1562E-02
  34  0.112381 -1.3187E-03 -9.7935E-02  35  0.114424 -5.8513E-05 -1.2158E-01
  36  0.116477  1.1548E-03 -1.0478E-01  37  0.118540  1.9281E-03 -5.3047E-02
  38  0.120615  2.0200E-03  1.6222E-02  39  0.122703  1.4219E-03  7.9225E-02
  40  0.124805  3.5950E-04  1.1382E-01  41  0.126921 -7.8194E-04  1.0730E-01
  42  0.129054 -1.5933E-03  6.1508E-02  43  0.131205 -1.7860E-03 -7.0859E-03
  44  0.133373 -1.3017E-03 -7.2721E-02  45  0.135560 -3.3758E-04 -1.0980E-01
  46  0.137768  7.2170E-04 -1.0294E-01  47  0.139996  1.4515E-03 -5.3932E-02
  48  0.142247  1.5572E-03  1.7747E-02  49  0.144520  1.0014E-03  8.1906E-02
  50  0.146818  3.0557E-05  1.1005E-01  51  0.149141 -9.2163E-04  8.8343E-02
  52  0.151489 -1.4210E-03  2.5335E-02  53  0.153865 -1.2359E-03 -5.0162E-02
  54  0.156269 -4.5771E-04 -1.0140E-01  55  0.158702  5.2574E-04 -1.0146E-01
  56  0.161165  1.2107E-03 -4.8346E-02  57  0.163659  1.2347E-03  3.1370E-02
  58  0.166185  5.8270E-04  9.4428E-02  59  0.168745 -3.8109E-04  1.0384E-01
  60  0.171339 -1.0982E-03  5.1641E-02  61  0.173981 -1.1347E-03 -3.3201E-02
  62  0.176649 -4.6193E-04 -9.7908E-02  63  0.179354  4.9321E-04 -9.9200E-02
  64  0.182099  1.0978E-03 -3.2987E-02  65  0.184885  9.3025E-04  5.7601E-02
  66  0.187712  9.9465E-05  1.0769E-01  67  0.190583 -7.8872E-04  7.7081E-02
  68  0.193499 -1.0515E-03 -1.4737E-02  69  0.196460 -4.6798E-04 -9.6407E-02
  70  0.199470  4.9389E-04 -9.8094E-02  71  0.202528  1.0129E-03 -1.3396E-02
  72  0.205638  6.1408E-04  8.5526E-02  73  0.208800 -3.5169E-04  1.0536E-01
  74  0.212016 -9.6098E-04  2.1225E-02  75  0.215288 -5.8965E-04 -8.6988E-02
  76  0.218617  3.9724E-04 -1.0459E-01  77  0.222006  9.3493E-04 -5.5177E-03
  78  0.225457  3.9645E-04  1.0281E-01  79  0.228972 -6.0796E-04  8.9091E-02
  80  0.232552 -8.4389E-04 -3.8234E-02  81  0.236200  1.8250E-05 -1.1877E-01
  82  0.239918  8.4563E-04 -3.7422E-02  83  0.243709  4.6769E-04  1.0063E-01
  84  0.247575 -5.9687E-04  9.1217E-02  85  0.251518 -7.2864E-04 -6.2421E-02
  86  0.255541  3.1590E-04 -1.1827E-01  87  0.259647  8.1647E-04  2.7824E-02
  88  0.263839 -1.2618E-04  1.2874E-01  89  0.268119 -8.2549E-04 -9.3196E-03
  90  0.272491  7.1396E-05 -1.3370E-01  91  0.276958  8.1297E-04  1.2787E-02
  92  0.281522 -1.6277E-04  1.3659E-01  93  0.286188 -7.6650E-04 -4.2385E-02
  94  0.290959  3.9459E-04 -1.2750E-01  95  0.295838  5.9100E-04  9.6950E-02
  96  0.300830 -6.8891E-04  8.0037E-02  97  0.305937 -1.4970E-04 -1.5024E-01
  98  0.311165  7.7874E-04  3.0648E-02  99  0.316517 -5.0951E-04  1.2649E-01
 100  0.321997 -2.6410E-04 -1.5466E-01 101  0.327610  7.6804E-04  4.1653E-02
 102  0.333360 -6.5123E-04  1.0423E-01 103  0.339253  1.1390E-04 -1.7830E-01
 104  0.345292  4.4476E-04  1.5154E-01 105  0.351482 -7.5966E-04 -5.8780E-02
 106  0.357830  7.8806E-04 -4.7819E-02 107  0.364339 -6.2675E-04  1.3297E-01
 108  0.371014  4.0038E-04 -1.8598E-01 109  0.377863 -1.9880E-04  2.1312E-01
 110  0.384888  6.8302E-05 -2.2635E-01 111  0.392097 -2.7179E-05  2.3565E-01
 112  0.399494  8.3942E-05 -2.4448E-01 113  0.407085 -2.4353E-04  2.4637E-01
 114  0.414876  4.9295E-04 -2.2197E-01 115  0.422873 -7.6329E-04  1.4089E-01
 116  0.431080  8.8396E-04  1.8717E-02 117  0.439503 -6.1097E-04 -2.2080E-01
 118  0.448147 -1.3759E-04  3.1841E-01 119  0.457019  8.7084E-04 -1.2497E-01
 120  0.466122 -6.1283E-04 -2.6750E-01 121  0.475463 -6.2546E-04  2.9059E-01
 122  0.485044  7.3917E-04  2.5819E-01 123  0.494872  8.1553E-04 -2.5343E-01
 124  0.504949 -2.1734E-04 -4.3455E-01 125  0.515279 -9.6824E-04 -1.8577E-01
 126  0.525866 -1.0390E-03  1.5723E-01 127  0.536711 -7.8700E-04  3.8856E-01
 128  0.547817 -5.8309E-04  5.0096E-01 129  0.559184 -6.0107E-04  5.3661E-01
 130  0.570812 -8.7094E-04  4.7311E-01 131  0.582701 -1.2287E-03  1.8877E-01
 132  0.594850 -1.1209E-03 -3.9315E-01 133  0.607254  1.0034E-04 -8.2793E-01
 134  0.619910  1.4123E-03 -1.0788E-01 135  0.632811 -2.5587E-05  9.7439E-01
 136  0.645951 -1.3872E-03 -4.5451E-01 137  0.659320  1.5149E-03 -4.1501E-01
 138  0.672906 -1.1322E-03  9.4859E-01 139  0.686695  9.7821E-04 -1.1633E+00
 140  0.700671 -1.3020E-03  1.1020E+00 141  0.714814  1.8982E-03 -4.7117E-01
 142  0.729098 -1.7315E-03 -1.0089E+00 143  0.743495 -4.7684E-04  1.9967E+00
 144  0.757968  2.3059E-03  3.6348E-01 145  0.772470  1.0542E-03 -2.2921E+00
 146  0.786943 -1.4474E-03 -2.3385E+00 147  0.801303 -2.7498E-03 -6.9217E-01
 148  0.815427 -2.8517E-03  1.1812E+00 149  0.829108 -2.2505E-03  2.8941E+00
 150  0.842154 -1.0567E-03  4.3679E+00 151  0.854548  6.4959E-04  5.1412E+00
 152  0.866295  2.5942E-03  4.4986E+00 153  0.877399  4.1420E-03  1.6699E+00
 154  0.887867  4.2073E-03 -3.4455E+00 155  0.897706  1.6840E-03 -8.7871E+00
 156  0.906926 -3.0364E-03 -8.9872E+00 157  0.915541 -6.0441E-03  1.1416E+00
 158  0.923563 -1.7028E-03  1.4498E+01 159  0.931009  6.7872E-03  6.8594E+00
 160  0.937896  2.8880E-03 -1.9794E+01 161  0.944243 -9.1571E-03 -1.8863E+00
 162  0.950072  4.1984E-03  2.7488E+01 163  0.955404  4.5038E-03 -3.3950E+01
 164  0.960265 -1.0796E-02  2.6155E+01 165  0.964680  1.4340E-02 -1.7462E+01
 166  0.968680 -1.6717E-02  1.8264E+01 167  0.972294  1.8042E-02 -3.7023E+01
 168  0.975556 -1.5172E-02  7.9255E+01 169  0.978497  1.5316E-03 -1.2888E+02
 170  0.981141  2.4617E-02  1.0152E+02 171  0.983505 -3.1237E-02  1.2005E+02
 172  0.985603 -2.7800E-02 -2.0678E+02 173  0.987450  2.4328E-02 -3.1530E+02
 174  0.989075  6.3218E-02 -1.0793E+02 175  0.990506  7.0459E-02  2.5560E+02
 176  0.991776  5.3415E-02  6.4041E+02 177  0.992907  2.7037E-02  1.0019E+03
 178  0.993921  6.1746E-03  1.3840E+03 179  0.994830  4.8930E-03  1.8722E+03
 180  0.995648  4.1858E-02  2.5018E+03 181  0.996385  1.4407E-01  3.0825E+03
 182  0.997050  3.3241E-01  2.8678E+03 183  0.997650  5.5973E-01  2.2518E+02
 184  0.998187  5.8363E-01 -6.5422E+03 185  0.998663 -6.6371E-02 -1.4095E+04
 186  0.999007 -1.0667E+00  1.1746E+04 187  0.999259  1.4301E+00 -1.1944E+04
 188  0.999444 -1.0680E+00  2.7743E+04 189  0.999581 -9.6456E-01 -3.4348E+04
 190  0.999684  2.1319E+00 -2.3036E+04 191  0.999761  1.7490E+00  3.8778E+04
 192  0.999819 -5.2275E-01  6.5389E+04 193  0.999863 -2.2429E+00  4.8183E+04
 194  0.999896 -2.8904E+00  1.0237E+04 195  0.999923 -2.7379E+00 -2.9832E+04
 196  0.999945 -2.1258E+00 -6.2928E+04 197  0.999962 -1.3142E+00 -8.6353E+04
 198  0.999977 -4.7048E-01 -1.0071E+05 199  0.999990  3.1411E-01 -1.0785E+05
 200  1.000000  1.0000E+00 -1.0982E+05
